6.84
3.31
0.03
6.71
4.45
5.61
0.89
6.08
0.54
6.13
1.05
0.42
0.98
1.05
1.85
0.80
3.66
3.77
5.21
6.25
6.63
5.75
0.51
2.21
3.47
4.47
2.66
4.07
6.32
4.11
2.62
1.77
5.60
6.22
1.43
5.38
1.26
0.88
4.41
3.49
2.77
4.47
0.72
2.01
2.37
6.42
2.11
1.56
0.18
4.94
2.40
1.31
1.25
5.65
4.70
5.95
3.77
6.08
5.27
2.15
1.13
3.00
6.38
12.57
4.37
4.46
1.01
2.42
0.04
3.37
4.68
4.23
2.56
4.93
5.85
4.49
6.72
4.54
3.89
3.95
5.05
5.22
6.22
5.37
3.89
5.29
0.57
4.91
4.95
3.52
4.80
6.15
6.16
5.08
0.14
6.21
6.46
1.54
0.43
4.97
3.52
4.53
4.13
13.87
1.64
0.54
0.40
0.85
0.58
4.05
5.03
2.37
6.54
5.17
3.85
0.19
1.40
0.09
6.04
2.77
2.31
1.83
1.76
1.50
1.92
0.00
0.01
6.92
0.34
5.12
5.28
0.02
0.76
6.58
2.66
0.05
0.10
2.79
2.67
0.60
0.80
0.22
0.90
0.01
1.57
2.31
3.45
2.37
1.59
1.60
0.92
1.01
5.96
0.57
2.23
0.01
1.69
4.54
3.04
0.01
2.93
0.87
3.87
6.48
5.96
0.01
0.22
0.22
0.57
4.95
0.46
3.86
6.79
14.66
9.68
6.42
6.53
0.22
0.01
1.57
2.31
3.45
2.37
1.59
1.60
0.92
1.01
5.96
0.57
2.23
0.01
1.69
4.54
3.04
0.01
2.93
0.87
3.87
6.48
5.96
0.01
0.22
0.22
0.57
4.95
0.46
3.86
6.79
14.68
9.68
0.01
1.57
2.31
3.45
2.37
1.59
1.60
0.92
1.01
5.96
0.57
2.23
0.01
1.69
4.54
3.04
0.01
2.93
0.87
3.87
6.48
5.96
0.01
0.22
0.22
0.57
4.95
0.46
3.86
6.79
6.66
9.68
0.01
1.57
2.31
3.45
2.37
1.59
1.60
0.92
1.01
5.96
0.57
2.23
0.01
1.69
4.54
3.04
0.01
2.93
0.87
3.87
6.48
5.96
0.01
0.22
0.22
0.57
4.95
0.46
3.86
4.79
0.91
9.68
0.01
1.57
2.31
3.45
2.37
1.59
1.60
0.92
1.01
5.96
0.57
2.23
0.01
1.69
4.54
3.04
0.01
2.93
0.87
3.87
6.48
5.96
0.01
0.22
0.22
0.57
4.95
0.46
3.86
6.79
6.60
9.68
0.01
1.57
2.31
3.45
2.37
1.59
1.60
0.92
1.01
5.96
0.57
2.23
0.01
1.69
4.54
3.04
0.01
2.93
0.87
3.87
6.48
5.96
0.01
0.22
0.22
0.57
4.95
0.46
3.86
6.79
9.66
9.68
0.01
1.57
2.31
3.45
2.37
1.59
1.60
0.92
1.01
5.96
0.57
2.23
0.01
1.69
4.54
3.04
0.01
2.93
0.87
3.87
6.48
5.96
0.01
0.22
0.22
0.57
4.95