1
2
5
2
6
5
4
3
5
6
5
6
5
4
2
2
3
4
5
6
7
8
11
12
7
7
8
7
6
5
4
5
6
6
7
8
6
8
8
7
5
6
3
3
4
5
6
8
10
11
8
7
6
12
11
10
12
11
9
7
6
7
8
9
13
12
9
8
9
7
9
9
8
9
9
8
9
11
12
12
13
10
10
12
12
11
10
9
11
12
13
11
9
11
9
12
12
13
10
10
12
12
11
10
9
11
12
13
14
16
17
14
11
12
15
16
17
14
15
17
19
14
12
18
19
20
19
18
17
18
16
15
14
18
19
20
19
18
17
18
16
15
14
21
22
19
17
19
20
20
21
18
16
15
16
18
15
17
18
20
21
23
24
21
22
19
18
16
21
22
23
18
18
23
24
26
21
23
24
19
18
19
16
19
21
23
24
25
21
25
26
24
28
27
29
27
26
27
28
27
25
24
28
29
23
21
19
19
21
20
21
20
25
26
25
27
21
20
18
21
23
22
21
22
23
23
2
3
21
23
21
19
18
19
20
21
22
21
19
18
16
17
18
15
16
19
19
20
21
22
18
17
16
16
15
14
16
17
18
19
21
22
17
18
16
17
16
15
14
16
17
12
9
11
13
12
11
9
10
11
12
12
10
10
13
12
12
11
9
8
9
9
8
9
9
7
9
8
9
12
13
12
10
8
9
7
9
10
9
9
9
8
6
7
8
11
10
8
6
5
4
3
3
6
5
7
8
8
6
8
7
6
6
5
4
5
6
7
8
7
7
9
9
8
7
6
5
2
0
-2
2
1
5
6
5
6
5
3
6
5
6
0
-1
-2
1
